3771545731141372616875591139988138195956434953952672195259
5939072594531482880373044439577788516328418412038243229559
5653498983426019829547451564292635343973632764457499706987
3252640591270251157054803321836892686509716534491024784197
4562454503399717754509170573179173933141125393963362983819
5625986289802371048372180049957352209764056214454067115353
5512364228837173496120334847317335165652488242879920892039
5130842089150249273442487758565201946341090908958207938281
3515557321123671167199828467416988880863345145633078336961
6144282344620259572153146954526719524788293372822716428501
4389278556459178735931198141441087537328313069701222778741
5567818362097688376199656944559871664579652762310563247633
6197857148553446579791762302978035309879690684785221373039
6098396460470222112642127356015769139350663709242083657961
5754953115858406479684018801403061306469666723113149805141
4878716479916533007699014508850228396326555577041270727991
3700399670655222173970337796577636283716473088490411271023
3602368907466318039537113551209777236886947199823319156863
5476525637890785334497155586962676251441981615110917464761
4652906710706687499223042064753969269335841615304132194039
5575667670796223399483594174558661911973273664122658137413
4673839740887974024204950983938417192904829286881200981849
5988112774061349958526321108521392434832526030701026067937
3715685107679781259448114931039078609969146613999513959609
6027890872960091928151077371911766219049142449989475603349
4962828847998649717971569285487172040858207485238114121281
5930864082100787989038696870076748772872615815149457015247
4700132284484176890465846530931252968614041383736841168883
3954016041245936049241317128284235316900690297700086642931
6207845797378949695248065889428185049459826010572825000629
4679884499897643082772430008306701503988613212789257819739
3560803169429870633295308699713924068511790998802137656593